3,0.912207
6,0.180137
7,0.091872
10,0.782466
11,0.962043
13,0.107204
14,0.186418
15,0.060396
17,0.970361
18,0.837110
19,0.107064
21,0.757126
22,0.000458
23,0.752220
24,0.066812
25,0.024214
27,0.829106
30,0.800229
35,0.043727
38,0.899018
39,0.939103
41,0.916063
47,0.085828
48,0.064238
51,0.992986
55,0.067421
59,0.969486
60,0.030649
61,0.001154
63,0.770950
66,0.760690
69,0.145473
71,0.059476
73,0.771640
76,0.228427
78,0.919445
79,0.191622
82,0.211250
83,0.197920
86,0.932977
88,0.046068
93,0.136585
95,0.212430
96,0.857980
98,0.976222
100,0.079124
101,0.048919
104,0.075104
107,0.013046
109,0.952429
111,0.908949
116,0.074230
117,0.161673
118,0.244403
119,0.809074
121,0.153117
122,0.221547
125,0.151648
128,0.947459
131,0.120610
133,0.936650
134,0.994164
135,0.750497
137,0.176768
138,0.860565
141,0.884722
142,0.991689
148,0.180564
150,0.160331
152,0.224870
153,0.903334
154,0.830368
156,0.920842
159,0.863333
162,0.912233
163,0.119315
166,0.803966
167,0.933725
168,0.861935
170,0.915060
174,0.118254
175,0.772781
176,0.231141
177,0.216254
178,0.216977
179,0.177117
180,0.811036
188,0.122394
189,0.885765
190,0.201024
192,0.850023
195,0.152982
196,0.894935
198,0.851906
202,0.889023
203,0.158956
204,0.058352
207,0.196544
208,0.893573
210,0.201270
211,0.223420
213,0.101181
217,0.228187
220,0.774897
221,0.174755
222,0.908344
223,0.872460
224,0.041939
225,0.847819
227,0.179755
229,0.974191
235,0.857947
236,0.767162
238,0.995515
241,0.758116
242,0.907975
243,0.205265
244,0.893164
245,0.860389
246,0.193381
247,0.154254
248,0.837804
249,0.964971
251,0.163760
253,0.197188
254,0.211978
256,0.833651
258,0.804618
263,0.750016
264,0.999074
266,0.087760
267,0.006375
268,0.044538
269,0.977646
270,0.023066
273,0.794991
275,0.839304
276,0.032972
277,0.897757
278,0.853263
279,0.883980
280,0.806797
284,0.116498
288,0.179083
289,0.761863
291,0.062712
292,0.982274
295,0.869307
297,0.039354
298,0.072550
299,0.837831
300,0.955933
301,0.855875
302,0.170861
303,0.134642
305,0.093639
307,0.164912
308,0.972316
309,0.231481
311,0.814686
312,0.988339
313,0.214812
315,0.800574
317,0.939122
319,0.066539
320,0.172394
325,0.052798
328,0.874395
329,0.202568
330,0.769064
331,0.870381
332,0.885826
333,0.930243
335,0.021653
336,0.128836
337,0.769476
339,0.764205
340,0.003592
345,0.003563
352,0.013711
354,0.008339
355,0.800069
356,0.751432
360,0.792861
364,0.906549
366,0.173072
367,0.899356
370,0.035542
371,0.965274
373,0.215383
374,0.781812
375,0.854383
380,0.972222
381,0.951281
387,0.229401
388,0.994793
389,0.806440
392,0.222770
394,0.161115
395,0.988914
396,0.041223
398,0.912629
399,0.905080
401,0.903583
402,0.171527
404,0.983755
405,0.786177
406,0.807241
412,0.202380
413,0.887034
416,0.110048
417,0.205920
418,0.118906
419,0.179804
420,0.938575
422,0.770133
426,0.020606
427,0.238104
429,0.834359
430,0.225786
432,0.125507
433,0.095460
435,0.147778
436,0.071223
437,0.952682
440,0.751436
441,0.902617
444,0.792953
445,0.866679
446,0.801218
448,0.183033
449,0.989833
450,0.061450
451,0.991830
452,0.063677
458,0.050402
459,0.057474
460,0.078249
463,0.882305
464,0.019743
466,0.043138
467,0.241776
470,0.239169
474,0.995654
476,0.182075
477,0.059296
480,0.181668
483,0.883537
487,0.756946
489,0.835651
491,0.930675
493,0.081365
496,0.051537
497,0.074788
499,0.211708
502,0.975757
503,0.836138
506,0.867692
510,0.050953
511,0.869133
516,0.966575
519,0.778580
520,0.950768
522,0.219579
523,0.950945
527,0.754471
529,0.127426
530,0.143880
531,0.102182
532,0.766606
533,0.756844
534,0.166815
535,0.105365
539,0.021321
540,0.910838
544,0.892244
545,0.776123
546,0.758966
547,0.126309
548,0.087094
549,0.183830
550,0.140679
552,0.136861
553,0.981447
557,0.003753
558,0.224512
560,0.921173
562,0.120318
564,0.849548
565,0.848191
569,0.965734
571,0.213936
576,0.240367
578,0.817769
580,0.792186
583,0.807821
584,0.879626
585,0.003072
587,0.236822
589,0.169348
591,0.867486
592,0.004704
595,0.143374
596,0.021948
601,0.122156
602,0.873728
603,0.036237
605,0.212839
606,0.986521
607,0.792067
608,0.135614
610,0.971866
611,0.172863
612,0.830937
613,0.879696
615,0.232220
616,0.080028
617,0.925979
618,0.175194
620,0.894079
624,0.027244
625,0.985095
626,0.759519
627,0.966061
630,0.911103
631,0.930696
633,0.803320
634,0.892691
636,0.760776
638,0.823915
639,0.814844
640,0.812390
641,0.908468
642,0.019223
645,0.950211
647,0.016757
649,0.907916
651,0.008032
652,0.759676
654,0.153378
657,0.097353
659,0.891310
661,0.172874
662,0.062505
663,0.942977
666,0.945522
667,0.098892
671,0.232879
675,0.188731
676,0.765578
679,0.087225
680,0.125713
681,0.884722
682,0.133191
684,0.894096
685,0.990548
690,0.839044
692,0.996106
693,0.887709
696,0.772709
698,0.904312
700,0.818080
701,0.900025
702,0.131986
704,0.850062
706,0.246011
707,0.882992
708,0.164646
709,0.962138
710,0.178516
711,0.985316
716,0.071165
717,0.950933
719,0.037764
722,0.772612
723,0.850535
724,0.835493
727,0.112139
731,0.981574
732,0.817254
737,0.207651
738,0.998436
740,0.231631
741,0.917315
742,0.129680
743,0.812950
744,0.151001
746,0.063875
747,0.927472
748,0.966519
750,0.893307
752,0.860898
755,0.818555
757,0.056419
758,0.958920
759,0.855336
761,0.208720
762,0.206907
769,0.092829
771,0.773728
772,0.184629
773,0.759183
777,0.798275
778,0.147308
780,0.207122
781,0.000481
783,0.856695
784,0.906798
786,0.982715
787,0.751804
790,0.832982
791,0.836580
792,0.202260
794,0.152605
795,0.168769
797,0.147012
798,0.892786
800,0.232846
801,0.248686
803,0.172450
804,0.884306
806,0.088900
807,0.915666
809,0.925294
811,0.008320
815,0.083426
816,0.781552
818,0.128831
819,0.249021
820,0.938316
821,0.080505
824,0.947949
825,0.974162
826,0.772510
829,0.884293
830,0.105239
832,0.764023
833,0.839407
834,0.160524
835,0.240854
837,0.955536
838,0.209414
839,0.827667
842,0.795689
843,0.116730
845,0.852625
847,0.225579
848,0.979220
849,0.889531
854,0.023166
857,0.888291
860,0.029977
861,0.974319
865,0.774709
866,0.077163
868,0.141821
870,0.972068
871,0.093790
872,0.760529
874,0.107445
876,0.821385
879,0.799902
885,0.092572
886,0.113534
887,0.019403
888,0.974622
889,0.981886
890,0.102797
897,0.027969
898,0.209963
899,0.057066
901,0.812703
904,0.232497
906,0.802250
908,0.007536
909,0.247351
911,0.906257
912,0.209495
913,0.873214
914,0.076906
919,0.052509
921,0.105038
922,0.865941
923,0.218343
925,0.764484
929,0.221191
930,0.204060
934,0.853351
936,0.799816
937,0.992960
940,0.983556
942,0.754305
951,0.950268
953,0.062366
954,0.839524
961,0.229051
965,0.087857
970,0.958084
972,0.149064
973,0.068605
974,0.060869
976,0.825267
977,0.766235
978,0.955966
981,0.974052
982,0.050552
986,0.236694
987,0.949826
988,0.823063
991,0.878943
992,0.148782
993,0.158307
994,0.975892
998,0.777824
1000,0.164857
1001,0.882734
1002,0.888504
1003,0.815892
1006,0.162309
1007,0.908365
1009,0.141678
1013,0.922835
1017,0.944072
1018,0.873113
1020,0.137568
1021,0.975533
1022,0.164217
1023,0.776288
1024,0.048494
1027,0.858473
1028,0.935617
1029,0.239753
1030,0.863305
1031,0.170761
1033,0.203109
1034,0.904173
1035,0.982925
1036,0.769714
1037,0.236825
1038,0.775809
1040,0.145564
1041,0.769432
1042,0.780014
1044,0.952703
1045,0.989002
1047,0.906691
1050,0.018386
1051,0.154739
1054,0.086350
1055,0.098316
1058,0.079767
1059,0.238297
1061,0.803495
1062,0.116520
1063,0.006048
1069,0.834098
1071,0.005652
1072,0.797360
1073,0.042197
1074,0.862798
1075,0.887164
1076,0.962287
1082,0.247690
1083,0.760302
1086,0.933943
1093,0.917684
1095,0.197683
1096,0.024425
1097,0.912223
1098,0.911269
1100,0.093692
1105,0.229499
1106,0.787868
1107,0.771541
1108,0.003756
1109,0.794659
1110,0.840524
1111,0.135544
1116,0.985809
1117,0.816695
1120,0.835096
1128,0.998526
1129,0.978281
1131,0.780928
1133,0.926495
1134,0.055447
1136,0.800590
1141,0.058554
1143,0.056768
1146,0.071249
1147,0.173086
1148,0.921469
1149,0.815523
1150,0.080200
1151,0.939289
1152,0.917757
1153,0.835212
1156,0.895208
1158,0.087833
1162,0.955795
1164,0.124908
1166,0.058995
1168,0.029644
1169,0.020914
1170,0.225191
1171,0.922278
1173,0.893372
1177,0.242751
1178,0.828276
1182,0.825613
1183,0.995916
1185,0.134557
1186,0.227452
1189,0.825514
1191,0.064512
1198,0.047193
1201,0.849567
1204,0.093355
1205,0.761740
1206,0.889033
1209,0.892459
1212,0.126327
1218,0.771758
1220,0.850172
1223,0.000849
1225,0.828499
1228,0.958732
1230,0.076593
1233,0.863055
1235,0.049190
1237,0.979754
1238,0.782843
1240,0.922887
1241,0.051308
1242,0.940477
1244,0.824931
1247,0.912668
1249,0.824618
1257,0.827690
1259,0.113451
1260,0.184429
1266,0.048899
1271,0.218561
1274,0.923605
1275,0.763650
1279,0.950939
1280,0.967071
1284,0.758595
1285,0.813117
1289,0.861846
1294,0.894836
1296,0.073469
1298,0.833109
1301,0.032032
1302,0.226788
1303,0.985189
1305,0.980918
1308,0.237416
1310,0.161756
1311,0.752020
1312,0.915813
1314,0.782225
1316,0.215406
1319,0.082816
1320,0.055223
1321,0.084902
1322,0.912419
1326,0.750280
1327,0.921046
1329,0.103349
1331,0.878919
1332,0.066514
1333,0.195112
1335,0.212536
1338,0.788903
1339,0.946599
1342,0.797621
1345,0.816008
1346,0.147684
1347,0.006526
1352,0.122856
1354,0.786733
1356,0.129394
1358,0.905424
1359,0.916227
1362,0.168145
1366,0.987875
1368,0.163969
1369,0.042093
1370,0.791977
1373,0.172804
1374,0.009855
1375,0.983930
1382,0.772994
1384,0.960757
1385,0.185529
1389,0.017791
1391,0.001576
1395,0.072009
1397,0.866403
1399,0.233448
1401,0.826361
1403,0.856520
1405,0.141844
1406,0.775137
1407,0.874726
1409,0.048632
1412,0.871721
1414,0.205089
1415,0.923259
1418,0.071208
1419,0.984119
1421,0.831331
1422,0.030786
1423,0.217964
1424,0.826960
1426,0.912513
1427,0.180996
1428,0.902778
1430,0.159401
1431,0.857742
1433,0.945247
1434,0.891303
1435,0.989836
1436,0.801304
1441,0.046426
1442,0.137309
1443,0.896742
1448,0.916037
1449,0.018638
1450,0.823294
1451,0.814712
1452,0.091834
1454,0.138409
1455,0.019768
1456,0.849490
1460,0.781028
1463,0.116730
1464,0.984777
1468,0.852645
1472,0.079560
1474,0.043312
1475,0.060468
1476,0.883659
1477,0.103291
1479,0.194328
1482,0.839104
1484,0.927932
1485,0.850044
1487,0.047752
1490,0.894468
1496,0.767114
1498,0.196396
1499,0.048310
1500,0.152977
1501,0.996362
1502,0.805326
1505,0.142281
1506,0.045760
1507,0.990466
1508,0.210355
1509,0.820008
1511,0.867983
1512,0.072174
1513,0.884834
1514,0.055794
1515,0.025879
1516,0.056636
1519,0.857329
1525,0.200941
1526,0.985469
1529,0.917013
1530,0.859890
1531,0.861930
1532,0.072656
1534,0.999731
1535,0.879478
1538,0.214647
1544,0.081457
1545,0.938928
1546,0.080624
1547,0.862393
1555,0.233932
1556,0.931497
1558,0.789495
1559,0.246390
1562,0.787556
1563,0.232684
1564,0.092066
1567,0.843208
1568,0.044194
1570,0.905994
1571,0.829628
1573,0.874296
1574,0.151346
1575,0.136577
1579,0.795413
1580,0.110716
1581,0.899358
1584,0.221170
1585,0.857623
1586,0.820265
1587,0.142458
1589,0.916111
1591,0.010582
1594,0.937927
1600,0.215551
1601,0.141106
1602,0.226470
1609,0.204968
1610,0.151291
1611,0.961195
1612,0.791867
1614,0.101585
1615,0.231620
1617,0.154631
1619,0.198057
1620,0.949404
1624,0.804076
1626,0.136612
1627,0.118464
1633,0.804090
1634,0.811483
1638,0.119453
1640,0.222182
1642,0.091772
1644,0.854421
1645,0.188545
1646,0.993325
1647,0.153074
1648,0.233632
1650,0.847057
1651,0.133899
1652,0.756253
1654,0.759694
1655,0.052674
1658,0.213165
1659,0.993191
1660,0.912927
1662,0.026335
1666,0.147884
1669,0.069253
1670,0.212136
1671,0.161536
1672,0.232859
1673,0.178631
1674,0.102645
1675,0.235993
1677,0.233758
1679,0.920293
1681,0.037959
1684,0.209598
1685,0.134107
1686,0.883284
1687,0.902623
1691,0.751525
1693,0.029796
1694,0.950449
1695,0.225592
1698,0.004918
1699,0.898162
1701,0.000669
1704,0.233773
1707,0.237725
1708,0.819164
1710,0.206775
1711,0.996447
1717,0.104731
1720,0.826955
1721,0.221120
1722,0.039511
1723,0.218437
1725,0.849286
1727,0.119884
1728,0.838807
1731,0.048684
1732,0.878152
1736,0.035294
1737,0.116225
1738,0.971403
1739,0.942585
1743,0.972483
1744,0.230402
1745,0.016179
1747,0.827157
1750,0.094183
1751,0.114683
1755,0.059999
1756,0.838453
1758,0.146293
1760,0.022027
1764,0.823070
1765,0.226129
1766,0.131559
1770,0.061202
1774,0.943602
1775,0.971011
1776,0.984659
1777,0.239385
1780,0.851768
1781,0.974754
1782,0.771737
1786,0.987725
1787,0.184495
1788,0.834412
1797,0.804800
1798,0.828853
1801,0.858026
1804,0.016268
1806,0.211533
1807,0.189704
1808,0.998421
1809,0.873884
1810,0.779022
1811,0.833071
1813,0.024514
1815,0.239356
1817,0.033713
1820,0.167398
1821,0.161319
1822,0.769664
1824,0.796812
1825,0.819725
1829,0.045114
1830,0.985477
1831,0.776983
1832,0.775130
1835,0.806777
1836,0.796983
1837,0.087468
1838,0.850344
1839,0.095906
1847,0.139115
1848,0.182477
1849,0.186008
1850,0.185773
1852,0.984529
1854,0.223674
1858,0.172461
1859,0.867235
1862,0.837198
1863,0.167898
1864,0.972417
1865,0.837674
1867,0.800449
1869,0.191961
1870,0.884053
1876,0.107130
1877,0.979757
1879,0.807502
1880,0.172677
1885,0.833803
1886,0.004532
1888,0.030545
1891,0.130850
1895,0.182871
1896,0.114690
1897,0.239492
1899,0.122898
1900,0.835053
1901,0.823511
1904,0.848005
1906,0.783925
1907,0.977562
1909,0.994925
1911,0.946754
1912,0.802906
1914,0.234774
1915,0.808697
1916,0.227300
1920,0.097094
1922,0.116448
1923,0.062050
1926,0.985454
1929,0.050266
1931,0.771931
1932,0.959216
1934,0.825339
1935,0.806546
1936,0.009459
1937,0.129528
1938,0.078072
1939,0.232822
1940,0.017846
1945,0.071183
1948,0.980652
1950,0.952038
1956,0.180056
1958,0.922045
1959,0.867863
1960,0.056825
1962,0.826900
1963,0.168843
1964,0.796856
1965,0.887137
1966,0.105338
1967,0.882097
1968,0.028586
1969,0.127004
1970,0.842301
1971,0.762229
1972,0.175759
1973,0.977832
1974,0.750343
1981,0.770479
1982,0.225741
1983,0.834065
1984,0.208477
1986,0.926777
1991,0.917859
1992,0.942285
1994,0.857895
1999,0.821300
2000,0.001457
2001,0.761674
2005,0.925231
2006,0.882651
2007,0.070012
2008,0.884519
2009,0.101917
2010,0.980138
2013,0.041716
2018,0.087745
2019,0.039973
2021,0.918976
2022,0.794204
2023,0.978913
2026,0.060282
2027,0.940301
2028,0.035920
2030,0.913529
2031,0.967811
2033,0.948169
2035,0.164962
2038,0.106943
2039,0.168381
2040,0.785243
2042,0.210135
2045,0.832263
2048,0.823121
2049,0.178423
2050,0.989473
2051,0.075530
2052,0.037271
2054,0.136474
2055,0.125265
2057,0.947300
2058,0.858149
2059,0.883818
2060,0.076010
2061,0.900342
2062,0.809749
2063,0.995899
2066,0.062427
2070,0.767578
2072,0.094772
2073,0.202560
2076,0.168832
2082,0.204755
2084,0.996536
2087,0.868071
2089,0.125460
2090,0.141295
2096,0.123854
2098,0.817520
2101,0.830197
2102,0.910271
2103,0.807026
2107,0.112947
2108,0.942331
2109,0.822825
2116,0.005708
2121,0.916268
2122,0.961523
2123,0.977741
2124,0.864744
2125,0.186896
2126,0.104560
2127,0.041162
2128,0.857357
2129,0.808971
2133,0.153646
2134,0.126899
2136,0.897457
2138,0.970715
2142,0.155527
2144,0.942959
2147,0.847167
2150,0.835470
2152,0.119108
2154,0.990855
2160,0.851374
2161,0.936130
2163,0.974774
2165,0.869240
2166,0.852618
2167,0.131718
2168,0.186553
2169,0.052907
2171,0.128782
2174,0.247855
2178,0.107995
2180,0.786758
2181,0.921108
2184,0.032276
2185,0.174884
2186,0.855725
2188,0.916251
2190,0.934334
2192,0.849556
2194,0.152277
2196,0.049282
2198,0.218132
2199,0.809587
2204,0.813383
2205,0.770232
2207,0.167498
2209,0.940307
2212,0.802921
2213,0.785799
2215,0.908038
2217,0.088881
2219,0.137160
2223,0.897206
2224,0.835663
2227,0.759402
2229,0.014576
2232,0.796976
2233,0.825808
2236,0.171392
2237,0.786317
2239,0.162238
2241,0.883085
2242,0.060754
2243,0.090647
2245,0.866063
2248,0.070771
2249,0.946221
2251,0.091302
2252,0.828978
2254,0.034950
2255,0.194149
2256,0.875135
2258,0.042876
2263,0.137559
2266,0.154939
2267,0.148884
2269,0.237821
2271,0.087534
2272,0.160439
2273,0.816791
2275,0.058671
2276,0.868063
2277,0.006824
2278,0.243246
2279,0.235709
2284,0.146461
2285,0.000452
2289,0.001136
2291,0.117788
2300,0.071401
2304,0.199884
2305,0.109061
2308,0.992752
2313,0.200858
2314,0.900938
2316,0.856506
2318,0.212311
2320,0.207843
2321,0.243358
2322,0.222768
2327,0.125337
2328,0.081188
2331,0.138436
2332,0.031472
2333,0.868827
2335,0.779642
2336,0.244585
2337,0.028600
2339,0.131386
2340,0.072103
2342,0.986393
2345,0.044822
2346,0.997458
2347,0.957453
2348,0.997005
2349,0.065660
2352,0.116134
2353,0.958201
2355,0.766924
2360,0.217172
2369,0.226436
2370,0.757022
2371,0.811660
2373,0.015582
2375,0.019199
2376,0.804294
2377,0.066579
2378,0.043750
2380,0.796149
2382,0.999371
2383,0.879811
2388,0.868042
2390,0.818386
2391,0.771104
2392,0.219185
2393,0.900693
2398,0.977821
2399,0.046908
2401,0.751291
2402,0.958407
2404,0.902239
2407,0.871561
2411,0.988320
2412,0.978608
2414,0.227813
2416,0.052933
2418,0.202881
2421,0.771245
2422,0.072194
2432,0.030028
2436,0.881665
2438,0.214044
2439,0.941212
2444,0.228644
2448,0.219463
2454,0.937355
2455,0.040559
2460,0.090386
2461,0.028758
2463,0.131214
2465,0.989368
2468,0.789355
2469,0.853447
2474,0.849696
2476,0.070143
2477,0.239367
2478,0.806219
2479,0.779892
2480,0.093432
2481,0.102154
2483,0.161536
2485,0.971934
2493,0.974270
2496,0.995228
2497,0.933188
