2,0.821718
3,0.683677
6,0.827537
7,0.947359
9,0.603926
10,0.618909
11,0.712329
12,0.510589
14,0.748669
15,0.574717
17,0.819288
18,0.824463
19,0.972246
25,0.783118
26,0.718893
27,0.596682
30,0.696749
31,0.719501
34,0.550965
35,0.810415
37,0.648894
39,0.783568
41,0.741823
42,0.721419
47,0.693066
49,0.709746
51,0.530520
52,0.618344
56,0.938493
59,0.675207
62,0.880365
63,0.748792
65,0.851999
66,0.549784
68,0.972499
69,0.731922
74,0.660114
75,0.837895
76,0.718389
77,0.936336
78,0.780104
82,0.839313
85,0.883752
88,0.606215
90,0.957248
91,0.808098
92,0.824801
93,0.961912
94,0.545113
97,0.759972
98,0.810934
100,0.746497
102,0.919149
104,0.886974
105,0.822191
106,0.751311
107,0.988915
109,0.806133
111,0.910648
113,0.674846
114,0.765341
115,0.692232
119,0.689110
120,0.565993
123,0.991300
124,0.759070
125,0.952087
129,0.937854
141,0.748929
143,0.763872
146,0.918866
149,0.912574
150,0.853773
156,0.592171
159,0.791223
160,0.711487
162,0.931811
163,0.918905
164,0.753012
165,0.808537
166,0.646014
171,0.899408
172,0.739972
173,0.907692
175,0.652900
177,0.642035
179,0.772585
180,0.911299
182,0.819830
184,0.590766
185,0.598136
186,0.884348
187,0.835557
188,0.731134
189,0.650464
190,0.529157
192,0.819355
196,0.784950
198,0.513234
202,0.615009
203,0.575608
204,0.939939
207,0.891612
208,0.518150
209,0.676147
210,0.608867
211,0.511734
212,0.850947
213,0.892282
214,0.610727
215,0.857448
217,0.963723
220,0.773463
223,0.692862
226,0.805623
228,0.951615
230,0.557763
233,0.508096
235,0.577261
239,0.989588
240,0.607885
241,0.589684
244,0.723397
245,0.606581
251,0.510747
253,0.516993
254,0.857895
257,0.843381
258,0.695628
260,0.985022
261,0.583342
262,0.511876
265,0.971919
268,0.787343
269,0.545167
271,0.713546
280,0.975346
281,0.576350
282,0.934136
287,0.782165
288,0.994376
289,0.543567
291,0.707780
292,0.944259
293,0.718478
295,0.891103
297,0.917102
298,0.871837
301,0.847838
304,0.509332
307,0.568288
310,0.672932
311,0.596114
312,0.801121
313,0.980965
315,0.500381
316,0.719794
317,0.672802
319,0.782308
321,0.596169
322,0.632688
323,0.635756
324,0.783126
325,0.961996
327,0.914796
328,0.669687
329,0.841688
330,0.929188
331,0.591447
333,0.735308
336,0.798060
337,0.606737
338,0.936623
339,0.641153
341,0.953500
342,0.919955
343,0.585276
345,0.859594
347,0.576796
348,0.833129
354,0.710655
355,0.672654
357,0.680289
358,0.901364
359,0.631461
360,0.918288
361,0.691410
363,0.700707
364,0.880365
366,0.824214
367,0.513713
368,0.896769
370,0.662278
375,0.969295
378,0.951612
379,0.927116
381,0.517126
383,0.832260
387,0.896123
388,0.980131
392,0.679214
394,0.871951
395,0.822789
396,0.933435
397,0.800402
398,0.896860
400,0.592026
401,0.726155
402,0.652194
404,0.897127
406,0.851392
408,0.715390
409,0.967046
413,0.570982
416,0.951012
417,0.726825
421,0.941995
423,0.620732
424,0.509951
426,0.939403
428,0.781093
432,0.881084
433,0.780159
434,0.538989
435,0.673390
437,0.534575
439,0.733914
440,0.518437
442,0.520870
443,0.560220
447,0.974425
449,0.857054
450,0.690644
452,0.557205
455,0.520308
457,0.910488
458,0.988149
461,0.822378
463,0.526333
464,0.591962
465,0.644384
466,0.593694
467,0.880706
468,0.515105
469,0.650341
473,0.824996
475,0.582240
478,0.748589
479,0.869417
486,0.772466
487,0.922190
499,0.575333
502,0.754743
504,0.676341
505,0.808205
507,0.515094
509,0.673790
510,0.929848
511,0.816039
513,0.664370
514,0.919984
516,0.888223
518,0.679055
520,0.742934
521,0.659549
523,0.706337
525,0.653176
529,0.676290
530,0.747812
537,0.989498
538,0.514097
540,0.893064
541,0.796268
542,0.873800
543,0.529911
545,0.647266
546,0.860682
548,0.888923
549,0.711936
551,0.936710
553,0.607739
555,0.837309
558,0.755843
560,0.760341
561,0.931282
563,0.577708
567,0.758048
568,0.697596
570,0.847509
571,0.829238
573,0.853140
579,0.610078
581,0.807295
583,0.605001
584,0.820282
585,0.546616
587,0.541823
592,0.609729
597,0.805767
598,0.658500
600,0.632901
602,0.865994
604,0.609377
605,0.695238
608,0.540246
609,0.693771
611,0.594298
612,0.805524
616,0.678542
619,0.716500
621,0.584531
623,0.925052
625,0.896453
627,0.652869
629,0.524660
630,0.688941
632,0.852293
634,0.548078
636,0.870454
637,0.710378
638,0.976181
639,0.652596
643,0.936177
644,0.602241
645,0.775426
647,0.615369
648,0.838997
649,0.577342
651,0.512213
652,0.970318
653,0.855761
654,0.591653
655,0.771991
659,0.877019
663,0.948580
665,0.919514
666,0.550670
669,0.853139
670,0.865214
671,0.689295
674,0.995978
677,0.695610
682,0.598006
685,0.546890
686,0.973018
691,0.859470
692,0.855347
693,0.773685
698,0.704712
699,0.688192
701,0.806222
702,0.609614
705,0.716168
707,0.841914
710,0.698094
714,0.836656
718,0.580028
722,0.696931
724,0.726153
729,0.929291
731,0.619685
736,0.576424
739,0.890571
741,0.627847
742,0.965927
744,0.916759
748,0.736950
752,0.797299
753,0.788517
755,0.861023
757,0.735830
762,0.823215
763,0.678830
764,0.935992
765,0.886146
766,0.860096
771,0.566728
774,0.931289
776,0.779608
779,0.728191
785,0.646151
786,0.977492
789,0.737283
790,0.709280
794,0.848839
796,0.739563
797,0.657480
799,0.506160
801,0.888923
804,0.515493
807,0.716515
810,0.913178
811,0.961465
815,0.856333
820,0.830769
821,0.912118
822,0.844483
824,0.835362
828,0.688322
829,0.726145
830,0.735160
832,0.933969
835,0.935187
837,0.580569
838,0.693707
839,0.997241
841,0.808078
842,0.857948
844,0.690306
845,0.520850
847,0.908582
848,0.723494
853,0.646463
854,0.987493
856,0.833395
862,0.517900
867,0.806843
868,0.789185
870,0.801693
872,0.501892
873,0.712888
874,0.888056
876,0.568033
877,0.755319
879,0.691148
881,0.982891
884,0.589668
885,0.974747
886,0.526636
887,0.830441
892,0.633688
893,0.752555
894,0.609577
898,0.939845
899,0.761346
904,0.994666
906,0.795096
908,0.959389
910,0.755307
912,0.662291
913,0.964603
914,0.664234
915,0.989903
918,0.772571
928,0.690584
932,0.640556
935,0.713831
936,0.738686
937,0.579293
938,0.735218
939,0.648791
942,0.767435
949,0.648375
950,0.664220
951,0.802698
955,0.759635
957,0.968985
958,0.855443
959,0.651303
960,0.860363
965,0.798244
967,0.894899
970,0.726545
973,0.943129
976,0.668303
978,0.778172
982,0.876156
985,0.664809
986,0.732866
990,0.628334
991,0.931208
992,0.713721
993,0.710655
995,0.860440
997,0.843290
999,0.635049
1000,0.877865
1002,0.628897
1005,0.622344
1006,0.868347
1010,0.582484
1011,0.835341
1012,0.687290
1013,0.982829
1018,0.712515
1021,0.995930
1022,0.735450
1025,0.525046
1026,0.904826
1027,0.520913
1030,0.902868
1031,0.974443
1033,0.679899
1037,0.902252
1038,0.775688
1039,0.554837
1041,0.930805
1042,0.918905
1044,0.616416
1047,0.900445
1057,0.952300
1062,0.766180
1063,0.559874
1066,0.744749
1067,0.505330
1068,0.655894
1069,0.976116
1071,0.505400
1073,0.936467
1075,0.930428
1076,0.764288
1077,0.626761
1080,0.809870
1082,0.801073
1084,0.613933
1085,0.869057
1090,0.642383
1092,0.891427
1095,0.530498
1097,0.663266
1098,0.758647
1099,0.755015
1101,0.663979
1102,0.615208
1104,0.989818
1105,0.916022
1107,0.533799
1108,0.757309
1112,0.620345
1113,0.673310
1117,0.827849
1118,0.854518
1125,0.511212
1128,0.843225
1129,0.655680
1130,0.709633
1132,0.630040
1133,0.857305
1135,0.625079
1136,0.889522
1138,0.782642
1142,0.871353
1143,0.973943
1144,0.969795
1145,0.971720
1146,0.988638
1150,0.937556
1151,0.734337
1152,0.938732
1154,0.930209
1155,0.630852
1157,0.609610
1160,0.712747
1163,0.953051
1165,0.730916
1167,0.948339
1168,0.990628
1169,0.896871
1172,0.872590
1173,0.868704
1174,0.516879
1178,0.950850
1180,0.833787
1181,0.669719
1186,0.588797
1189,0.767893
1191,0.782856
1194,0.630762
1195,0.946736
1196,0.552118
1199,0.802090
1201,0.832366
1202,0.825368
1205,0.826965
1208,0.879875
1210,0.994416
1213,0.561545
1214,0.659997
1215,0.699318
1216,0.788052
1217,0.624491
1219,0.833926
1222,0.584054
1223,0.683263
1226,0.867054
1230,0.903717
1231,0.634558
1234,0.524660
1235,0.755558
1237,0.713818
1244,0.731168
1251,0.963115
1253,0.983142
1254,0.883766
1257,0.640337
1263,0.593012
1266,0.569436
1267,0.724317
1268,0.794638
1269,0.668270
1272,0.653748
1275,0.645218
1276,0.891105
1278,0.580909
1281,0.562697
1283,0.606263
1284,0.624868
1285,0.569180
1286,0.821966
1287,0.760811
1290,0.725818
1293,0.674483
1294,0.791377
1296,0.772148
1299,0.641903
1301,0.726362
1303,0.926284
1304,0.583210
1305,0.721723
1308,0.597484
1309,0.788118
1310,0.955613
1313,0.916458
1317,0.659530
1320,0.734289
1322,0.830455
1327,0.674637
1328,0.796079
1330,0.867511
1333,0.583452
1334,0.763488
1336,0.655037
1337,0.874609
1338,0.830759
1339,0.786955
1340,0.700000
1350,0.868164
1353,0.626495
1355,0.853547
1357,0.551241
1359,0.902411
1362,0.575614
1363,0.817790
1365,0.505263
1366,0.724443
1367,0.669959
1369,0.868607
1370,0.734412
1372,0.716752
1374,0.799256
1376,0.904441
1378,0.669371
1379,0.580258
1381,0.531347
1382,0.646946
1383,0.942806
1385,0.627338
1387,0.681913
1388,0.601081
1390,0.543246
1391,0.623305
1393,0.583129
1395,0.746869
1396,0.687622
1397,0.563967
1398,0.851699
1401,0.925881
1404,0.929949
1408,0.921511
1409,0.637055
1410,0.615345
1412,0.894574
1413,0.833549
1414,0.616663
1416,0.627850
1417,0.795245
1419,0.931456
1420,0.852050
1421,0.971550
1424,0.548466
1425,0.872499
1427,0.757449
1430,0.967807
1431,0.938327
1433,0.800053
1442,0.500427
1443,0.813027
1444,0.953489
1446,0.902257
1447,0.548586
1448,0.798792
1450,0.524150
1451,0.756819
1452,0.549910
1453,0.911745
1455,0.572887
1456,0.790438
1458,0.596592
1460,0.618026
1463,0.544191
1469,0.729620
1470,0.983045
1472,0.612746
1473,0.525436
1474,0.563166
1475,0.913385
1476,0.961357
1477,0.948258
1481,0.761929
1485,0.947756
1489,0.660961
1491,0.551855
1492,0.917878
1496,0.629881
1498,0.674513
1500,0.950276
1503,0.948842
1505,0.697671
1508,0.632128
1509,0.689755
1514,0.695321
1515,0.860720
1517,0.859897
1522,0.873733
1523,0.842100
1524,0.620535
1529,0.761666
1530,0.780378
1536,0.522007
1538,0.778719
1539,0.804401
1540,0.601426
1542,0.823661
1543,0.580978
1544,0.883012
1547,0.920208
1550,0.896092
1552,0.714071
1553,0.609186
1558,0.989168
1559,0.985658
1560,0.582001
1561,0.932379
1562,0.589438
1563,0.907046
1568,0.997754
1572,0.870146
1574,0.597067
1576,0.948180
1577,0.987243
1581,0.570152
1584,0.935196
1586,0.538760
1589,0.958356
1590,0.503002
1596,0.795578
1598,0.794406
1602,0.953396
1603,0.617964
1606,0.875751
1613,0.566853
1614,0.699481
1615,0.615066
1617,0.916519
1619,0.539676
1620,0.569917
1623,0.632682
1624,0.729054
1625,0.773104
1627,0.500186
1628,0.988486
1633,0.508669
1634,0.734557
1635,0.905517
1636,0.957206
1639,0.519822
1641,0.794495
1642,0.623256
1643,0.545839
1645,0.982208
1647,0.761545
1648,0.925126
1650,0.787882
1652,0.964194
1653,0.779605
1654,0.756202
1655,0.903280
1656,0.889814
1657,0.580022
1658,0.847684
1659,0.923760
1663,0.677220
1666,0.762173
1670,0.605974
1672,0.541733
1673,0.529989
1674,0.943125
1675,0.788403
1679,0.744150
1680,0.902908
1681,0.511337
1684,0.571505
1689,0.882033
1691,0.835944
1692,0.598843
1693,0.735107
1694,0.709069
1695,0.832987
1696,0.589925
1699,0.745437
1700,0.638640
1701,0.987095
1705,0.928352
1708,0.844717
1712,0.768077
1714,0.626491
1717,0.999909
1719,0.910428
1720,0.885213
1721,0.731059
1722,0.863327
1723,0.765701
1725,0.621670
1726,0.843115
1727,0.620135
1728,0.649611
1730,0.648442
1733,0.554540
1734,0.766544
1738,0.885387
1739,0.642987
1740,0.742632
1741,0.705107
1745,0.767150
1746,0.962389
1747,0.576316
1749,0.630406
1751,0.820535
1752,0.529901
1756,0.715802
1757,0.848710
1759,0.932605
1762,0.726918
1763,0.837534
1766,0.983768
1767,0.835814
1769,0.938079
1770,0.760341
1771,0.764346
1772,0.862786
1773,0.692890
1775,0.724970
1776,0.626272
1777,0.558725
1778,0.504880
1781,0.916663
1782,0.914555
1785,0.514348
1787,0.981670
1788,0.727710
1789,0.863199
1790,0.632151
1797,0.687839
1799,0.597637
1801,0.879798
1806,0.833248
1809,0.918323
1810,0.694845
1812,0.950795
1815,0.593250
1817,0.999669
1823,0.659287
1824,0.549972
1827,0.946612
1829,0.729500
1831,0.811630
1834,0.786312
1835,0.775277
1837,0.529874
1839,0.593890
1843,0.765629
1844,0.810035
1845,0.944529
1848,0.507213
1849,0.509559
1853,0.891636
1854,0.712321
1855,0.783702
1856,0.978338
1857,0.845587
1863,0.785157
1865,0.940589
1866,0.970949
1872,0.501998
1873,0.752383
1874,0.894218
1876,0.557828
1877,0.541532
1878,0.720386
1879,0.507693
1880,0.701366
1882,0.972944
1883,0.782631
1887,0.643444
1890,0.608642
1892,0.876221
1905,0.694561
1910,0.840883
1913,0.639159
1914,0.965366
1920,0.555785
1921,0.852934
1923,0.784338
1924,0.797823
1925,0.797458
1930,0.938303
1932,0.840621
1933,0.928887
1934,0.596761
1937,0.903822
1938,0.694303
1940,0.933939
1941,0.988481
1942,0.814476
1945,0.555858
1946,0.994032
1948,0.762623
1949,0.577668
1951,0.532759
1955,0.647998
1958,0.511155
1959,0.982943
1961,0.825962
1963,0.503178
1965,0.855259
1966,0.888266
1969,0.853310
1970,0.646766
1972,0.922330
1976,0.951525
1977,0.617450
1980,0.637285
1981,0.692978
1982,0.507716
1983,0.742039
1985,0.513225
1986,0.963567
1987,0.720430
1991,0.922607
1994,0.710830
1995,0.639315
1996,0.581431
1997,0.717857
2004,0.662806
2005,0.943444
2007,0.804348
2008,0.817069
2009,0.873429
2010,0.585875
2012,0.883968
2013,0.543694
2015,0.768120
2018,0.957609
2019,0.583679
2020,0.708495
2022,0.717386
2023,0.750726
2028,0.567173
2029,0.684572
2030,0.571176
2031,0.933999
2033,0.924185
2034,0.951333
2036,0.782154
2037,0.992991
2039,0.686145
2040,0.662614
2046,0.509335
2051,0.577721
2052,0.718790
2054,0.908461
2055,0.615250
2058,0.627192
2059,0.659233
2060,0.517511
2063,0.885117
2064,0.581665
2066,0.616911
2070,0.548307
2072,0.907031
2075,0.848260
2077,0.898987
2082,0.975092
2083,0.626220
2086,0.875402
2089,0.913297
2091,0.793344
2092,0.635223
2093,0.882138
2103,0.593248
2104,0.832927
2108,0.587235
2112,0.899744
2115,0.824186
2117,0.960471
2118,0.871921
2123,0.985297
2124,0.814524
2125,0.953972
2126,0.624589
2127,0.790018
2130,0.788855
2131,0.645756
2133,0.911059
2134,0.622371
2136,0.542041
2137,0.968586
2140,0.509063
2141,0.860170
2144,0.502039
2145,0.935967
2146,0.709344
2148,0.556128
2151,0.527360
2156,0.947307
2160,0.876821
2161,0.556753
2164,0.541565
2166,0.906994
2169,0.663321
2175,0.543794
2176,0.701315
2178,0.520249
2180,0.882860
2182,0.767879
2188,0.658731
2189,0.690436
2190,0.541416
2192,0.634820
2193,0.988552
2194,0.863107
2197,0.519844
2198,0.763174
2200,0.599099
2202,0.506744
2206,0.810494
2214,0.543998
2216,0.832529
2217,0.980604
2218,0.764328
2223,0.932085
2225,0.760483
2227,0.845025
2228,0.929208
2230,0.606214
2231,0.586407
2232,0.913899
2233,0.571516
2234,0.582175
2239,0.802705
2247,0.882331
2248,0.560437
2250,0.817071
2254,0.710793
2257,0.936869
2261,0.861234
2262,0.944773
2263,0.614445
2265,0.736393
2266,0.542136
2267,0.905127
2268,0.887233
2274,0.776260
2277,0.758237
2278,0.502417
2279,0.915821
2282,0.724994
2283,0.768049
2284,0.712774
2285,0.943546
2287,0.607057
2288,0.598605
2289,0.950145
2294,0.739615
2295,0.885467
2296,0.954447
2300,0.817980
2301,0.817973
2302,0.658172
2303,0.500956
2307,0.696803
2308,0.758147
2310,0.629152
2315,0.979291
2316,0.619391
2318,0.672202
2321,0.519209
2322,0.926396
2323,0.514598
2325,0.570546
2329,0.752530
2330,0.819159
2332,0.541665
2333,0.862388
2337,0.933494
2338,0.667671
2339,0.948761
2340,0.588717
2341,0.804256
2346,0.862733
2348,0.956294
2349,0.856914
2350,0.604930
2351,0.547096
2355,0.524832
2361,0.624204
2363,0.579325
2367,0.565361
2373,0.855221
2376,0.884408
2377,0.863777
2381,0.899670
2383,0.538692
2385,0.599040
2386,0.715165
2387,0.601277
2394,0.832471
2395,0.952474
2396,0.848517
2398,0.978426
2399,0.796511
2400,0.868382
2401,0.574054
2406,0.514491
2407,0.593482
2413,0.500410
2415,0.547271
2417,0.606916
2420,0.512974
2422,0.524147
2427,0.909129
2429,0.533707
2432,0.503451
2433,0.938729
2434,0.863997
2435,0.825803
2436,0.890883
2438,0.971176
2440,0.742863
2441,0.692105
2443,0.956162
2445,0.970611
2449,0.714627
2450,0.740769
2452,0.961697
2453,0.960791
2459,0.622578
2462,0.567297
2463,0.734943
2464,0.883423
2466,0.896573
2467,0.832109
2469,0.953217
2470,0.551856
2472,0.885369
2475,0.618115
2476,0.912914
2477,0.514526
2485,0.942010
2487,0.515945
2489,0.929592
2491,0.737338
2493,0.842904
2494,0.910438
